6.770565308208832400e-01 7.359310117618296232e-01
1.741352768211802335e-02 9.998483730314633444e-01
2.698627885581675670e-02 9.996358040574157000e-01
6.628332995075293665e-02 9.978008419372272897e-01
9.998606641841150111e-01 1.669287923937520790e-02
3.910942221494011217e-02 9.992349338839257022e-01
9.999576661492122209e-01 9.201408012928766894e-03
5.412852251864057607e-01 8.408390482101207875e-01
7.938962015301437997e-03 9.999684859444919471e-01
6.054546037058823327e-01 7.958798419682162617e-01
